# Time-averaged data for fix aveP
# TimeStep c_pressure
1800 10.9339
2700 11.7133
3600 12.7213
4500 11.8645
5400 12.9649
6300 12.7828
7200 11.6761
8100 12.5774
9000 11.7085
9900 11.0716
10800 9.889
11700 13.8381
12600 11.8509
13500 10.1165
14400 12.7573
15300 11.0756
16200 9.55115
17100 12.0847
18000 12.5094
18900 11.252
19800 11.9588
20700 11.5744
21600 10.7141
22500 10.056
23400 11.9735
24300 12.4559
25200 10.8841
26100 10.7399
27000 12.9787
27900 11.0529
28800 11.736
29700 12.2097
30600 12.3308
31500 11.0341
32400 10.9451
33300 11.7979
34200 11.6337
35100 12.6398
36000 12.1251
36900 12.4419
37800 12.7475
38700 10.9621
39600 13.1615
40500 12.372
41400 11.7085
42300 12.7862
43200 12.1788
44100 11.7656
45000 12.2557
45900 12.0628
46800 12.3784
47700 11.9762
48600 11.7959
49500 12.4952
50400 12.5081
51300 12.6489
52200 11.3387
53100 12.5887
54000 13.2752
54900 11.837
55800 11.4108
56700 11.6129
57600 12.6338
58500 12.0083
59400 11.5163
60300 12.3648
61200 11.8418
62100 12.0807
63000 14.1178
63900 12.5288
64800 11.4189
65700 12.5361
66600 11.3698
67500 12.9324
68400 13.6034
69300 13.2792
70200 11.1159
71100 13.0558
72000 13.6059
72900 12.708
73800 12.1424
74700 11.3551
75600 12.7862
76500 12.2772
77400 12.4318
78300 12.453
79200 13.1368
80100 12.6901
81000 13.1018
81900 10.7778
82800 11.9366
83700 14.7107
84600 13.2247
85500 12.4325
86400 12.8392
87300 14.1647
88200 12.7983
89100 11.4565
90000 12.8166
90900 14.3037
91800 12.9889
92700 12.2034
93600 11.7549
94500 12.9639
95400 10.9171
96300 12.4189
97200 12.064
98100 12.9161
99000 14.9723
99900 12.3448
100800 14.1396
101700 13.3968
102600 14.2516
103500 13.3529
104400 13.215
105300 14.5164
106200 12.9677
107100 12.6533
108000 13.7059
108900 13.8722
109800 12.998
110700 14.806
111600 14.055
112500 12.3217
113400 12.9298
114300 11.939
115200 13.4819
116100 12.8668
117000 13.3496
117900 13.3182
118800 13.1061
119700 13.9554
120600 12.8294
121500 12.6936
122400 14.5366
123300 13.1736
124200 13.449
125100 13.1657
126000 13.1344
126900 14.3417
127800 14.7822
128700 14.4438
129600 14.9279
130500 12.5242
131400 13.1904
132300 12.5908
133200 14.8788
134100 12.4546
135000 13.6844
135900 13.8869
136800 13.8832
137700 13.2639
138600 14.1445
139500 12.1093
140400 12.9076
141300 15.7455
142200 12.8305
143100 12.3129
144000 14.0775
144900 14.1242
145800 14.4552
146700 14.4306
147600 14.758
148500 14.2015
149400 13.7482
150300 14.6848
151200 12.6622
152100 14.717
153000 15.6118
153900 14.5582
154800 15.5009
155700 13.6928
156600 14.2304
157500 15.1431
158400 15.21
159300 16.7473
160200 16.0277
161100 13.9546
162000 16.2915
162900 13.803
163800 15.5523
164700 16.5167
165600 14.5486
166500 13.4632
167400 15.7006
168300 16.1587
169200 17.0971
170100 14.533
171000 13.6969
171900 15.1294
172800 14.7971
173700 14.9864
174600 16.3145
175500 14.2804
176400 14.3082
177300 13.2943
178200 14.5342
179100 14.3846
180000 13.4074
180900 13.587
181800 15.2606
182700 14.9381
183600 15.549
184500 14.6543
185400 14.1112
186300 14.0032
187200 14.3461
188100 13.7458
189000 13.6227
189900 14.4322
190800 14.4625
191700 14.0454
192600 13.6201
193500 15.0988
194400 16.9061
195300 15.4318
196200 14.9788
197100 14.256
198000 14.9956
198900 17.6265
199800 14.008
200700 14.7049
201600 15.5541
202500 15.9934
203400 14.0933
204300 13.9388
205200 17.4778
206100 15.8641
207000 13.0877
207900 15.2852
208800 15.4363
209700 14.9903
210600 14.307
211500 15.7977
212400 13.9255
213300 14.033
214200 14.635
215100 15.2754
216000 12.0092
216900 15.0517
217800 13.2668
218700 14.9401
219600 15.0269
220500 15.3097
221400 15.2662
222300 14.6555
223200 15.2133
224100 14.8384
225000 14.5551
225900 16.6842
226800 13.8557
227700 17.3805
228600 15.7574
229500 16.8992
230400 15.9803
231300 14.7164
232200 17.4443
233100 14.455
234000 14.511
234900 15.1417
235800 12.9237
236700 16.3302
237600 16.9638
238500 15.4007
239400 17.4152
240300 15.3469
241200 18.0616
242100 16.5878
243000 17.0092
243900 15.978
244800 15.8136
245700 15.1403
246600 16.9746
247500 17.8215
248400 14.5953
249300 15.5568
250200 16.1823
251100 16.8456
252000 18.9193
252900 15.9343
253800 17.4882
254700 16.385
255600 18.1334
256500 15.7388
257400 16.1862
258300 16.1987
259200 15.3747
260100 16.5221
261000 15.6984
261900 15.3457
262800 14.3932
263700 14.4935
264600 15.1066
265500 16.6739
266400 18.2275
267300 15.3765
268200 16.2318
269100 16.1271
270000 17.2762
270900 19.1575
271800 14.424
272700 18.0787
273600 16.7073
274500 18.3539
275400 18.7525
276300 15.113
277200 16.7539
278100 16.2254
279000 16.5119
279900 17.5258
280800 15.8313
281700 16.1507
282600 17.671
283500 17.9585
284400 17.0234
285300 17.6465
286200 16.3369
287100 15.7278
288000 17.2431
288900 16.71
289800 16.0132
290700 17.1134
291600 16.5228
292500 15.4873
293400 16.4904
294300 20.2012
295200 18.4242
296100 19.3423
297000 18.8177
297900 17.5512
298800 17.3695
299700 17.6639
300600 17.3535
301500 17.6468
302400 18.0754
303300 17.1335
304200 18.3285
305100 16.9501
306000 18.8152
306900 18.4182
307800 18.333
308700 20.3457
309600 18.0399
310500 17.3402
311400 19.488
312300 20.662
313200 17.7704
314100 18.1645
315000 19.555
315900 20.3363
316800 17.5018
317700 17.6782
318600 20.4183
319500 14.6589
320400 16.3392
321300 15.5693
322200 19.257
323100 16.3504
324000 14.3983
324900 20.5595
325800 17.0499
326700 17.4809
327600 18.31
328500 16.2253
329400 19.5487
330300 16.3221
331200 17.6803
332100 20.1928
333000 17.9245
333900 16.2926
334800 20.6748
335700 18.7917
336600 19.3849
337500 16.1516
338400 19.3804
339300 18.9604
340200 18.9915
341100 19.024
342000 17.5773
342900 17.9434
343800 21.0922
344700 18.3058
345600 19.8247
346500 18.8172
347400 17.4219
348300 19.7974
349200 16.0311
350100 19.5196
351000 19.4133
351900 19.7665
352800 15.3069
353700 16.6085
354600 18.4139
355500 17.7904
356400 20.0107
357300 16.9834
358200 20.4948
359100 17.4823
360000 20.9892
360900 18.7133
361800 18.8673
362700 19.6135
363600 22.09
364500 23.0527
365400 16.6933
366300 18.8094
367200 21.9885
368100 18.6557
369000 19.2493
369900 17.8202
370800 16.0431
371700 20.8513
372600 20.784
373500 21.0021
374400 15.7199
375300 18.1219
376200 17.5801
377100 19.5864
378000 18.4835
378900 20.7734
379800 18.3107
380700 18.4415
381600 19.4693
382500 19.7569
383400 22.6965
384300 19.1781
385200 19.5534
386100 22.928
387000 22.5354
387900 17.1047
388800 20.1787
389700 21.046
390600 21.6137
391500 15.5071
392400 20.6532
393300 21.4608
394200 15.9971
395100 18.4559
396000 18.2872
396900 19.6309
397800 19.3711
398700 16.5494
399600 17.4544
400500 19.9742
401400 22.4842
402300 18.3747
403200 23.1515
404100 21.0818
405000 21.2137
405900 20.2177
406800 23.3912
407700 22.6451
408600 20.4527
409500 23.9211
410400 20.0224
411300 18.6349
412200 19.8765
413100 21.4857
414000 21.3719
414900 21.399
415800 17.163
416700 20.3378
417600 22.4405
418500 18.4839
419400 21.5362
420300 21.2046
421200 21.6947
422100 21.3197
423000 23.9611
423900 22.7053
424800 20.824
425700 19.0339
426600 19.0028
427500 21.1797
428400 20.1516
429300 22.8661
430200 21.4931
431100 24.6999
432000 21.9531
432900 21.6626
433800 20.6071
434700 19.9549
435600 22.4052
436500 20.8919
437400 24.4356
438300 19.8644
439200 20.5465
440100 20.1944
441000 16.2008
441900 21.0873
442800 22.67
443700 27.4053
444600 22.2194
445500 18.2772
446400 22.2776
447300 23.5736
448200 22.4558
449100 23.4338
450000 19.2441
450900 23.1338
451800 17.1224
452700 20.9728
453600 22.5713
454500 19.3186
455400 20.9339
456300 20.7
457200 23.0479
458100 24.5613
459000 18.7864
459900 21.1712
460800 19.1365
461700 25.3551
462600 23.3446
463500 18.4183
464400 20.3393
465300 17.6676
466200 21.8387
467100 23.4813
468000 18.8862
468900 21.0054
469800 19.5917
470700 22.3861
471600 21.3951
472500 16.6621
473400 17.6385
474300 18.924
475200 21.3408
476100 20.1919
477000 21.3052
477900 21.8536
478800 25.2738
479700 23.042
480600 23.4759
481500 23.0311
482400 22.2363
483300 21.7854
484200 20.585
485100 23.8334
486000 22.508
486900 17.1188
487800 23.0854
488700 22.5792
489600 23.1452
490500 23.6773
491400 19.2073
492300 17.7141
493200 23.1679
494100 26.3409
495000 26.5166
495900 21.0567
496800 17.4783
497700 22.6906
498600 23.7655
499500 22.8806
500400 18.5824
501300 22.3457
502200 26.3146
503100 25.1583
504000 18.9908
504900 21.703
505800 17.3888
506700 22.347
507600 19.4729
508500 24.5779
509400 25.0683
510300 25.6852
511200 19.3547
512100 20.767
513000 20.5257
513900 21.3968
514800 25.1131
515700 24.3386
516600 21.213
517500 21.0776
518400 22.8465
519300 23.6635
520200 21.7523
521100 22.3269
522000 23.8052
522900 24.6662
523800 23.3309
524700 21.0088
525600 25.0651
526500 25.6562
527400 19.6012
528300 28.0853
529200 22.6355
530100 13.6418
531000 20.5493
531900 19.6999
532800 25.6446
533700 19.7944
534600 21.4756
535500 19.2044
536400 17.6976
537300 23.2409
538200 26.6176
539100 17.9385
540000 19.5928
540900 20.0422
541800 18.2293
542700 25.1208
543600 23.6161
544500 25.3228
545400 24.9923
546300 23.9826
547200 26.5518
548100 16.311
549000 22.0585
549900 20.3667
550800 21.0192
551700 23.0426
552600 23.8902
553500 22.9907
554400 28.1448
555300 26.4061
556200 26.0793
557100 17.7256
558000 24.2495
558900 27.8807
559800 22.7352
560700 22.1197
561600 23.5574
562500 22.685
563400 19.7461
564300 19.5931
565200 28.9729
566100 19.8524
567000 24.3049
567900 19.8705
568800 23.8539
569700 21.1234
570600 20.428
571500 18.2795
572400 22.8116
573300 21.7385
574200 21.8928
575100 24.7207
576000 20.6136
576900 18.6042
577800 23.8696
578700 20.3154
579600 27.2767
580500 18.9963
581400 20.2978
582300 23.5295
583200 20.033
584100 25.2715
585000 19.2694
585900 21.9716
586800 19.489
587700 21.3823
588600 23.8369
589500 23.3583
590400 28.0678
591300 19.9759
592200 25.3767
593100 21.399
594000 23.3847
594900 24.0745
595800 28.098
596700 28.9906
597600 22.9327
598500 25.2696
599400 32.8473
600300 17.1309
601200 25.6597
602100 16.1641
603000 15.4795
603900 25.9253
604800 24.2167
605700 26.7566
606600 27.8649
607500 16.4006
608400 13.3545
609300 17.4563
610200 21.7511
611100 27.11
612000 27.006
612900 23.1816
613800 19.3836
614700 21.4615
615600 25.5342
616500 22.1302
617400 17.1002
618300 17.8268
619200 21.4103
620100 23.3479
621000 9.6756
621900 19.8497
622800 26.2348
623700 21.2065
624600 24.5954
625500 19.6802
626400 27.6171
627300 18.9483
628200 24.7663
629100 25.1807
630000 18.6709
630900 19.0356
631800 24.601
632700 26.0492
633600 27.4683
634500 23.4529
635400 22.3488
636300 23.4691
637200 16.9875
638100 23.7122
639000 24.4991
639900 23.7545
640800 19.2168
641700 20.5512
642600 32.6632
643500 16.6814
644400 20.4831
645300 13.9855
646200 25.9311
647100 15.4498
648000 21.5591
648900 21.3009
649800 14.7945
650700 31.1542
651600 15.0632
652500 24.1018
653400 20.2265
654300 23.3606
655200 23.8926
656100 24.0152
657000 19.3866
657900 18.6263
658800 25.0065
659700 18.9608
660600 22.7968
661500 25.7145
662400 24.2808
663300 20.2967
664200 24.1294
665100 9.02262
666000 24.6996
666900 19.4346
667800 21.2626
668700 23.5511
669600 14.7463
670500 22.6241
671400 18.6323
672300 23.1741
673200 27.559
674100 25.3363
675000 24.2787
675900 34.5254
676800 25.0726
677700 26.0326
678600 16.5112
679500 21.6278
680400 21.4157
681300 24.9444
682200 27.7833
683100 18.9514
684000 21.4557
684900 21.9697
685800 10.5493
686700 20.2574
687600 22.3468
688500 32.4125
689400 15.943
690300 28.0623
691200 23.5757
692100 18.5037
693000 31.1268
693900 24.5227
694800 20.1802
695700 36.5529
696600 20.8498
697500 23.0537
698400 26.4632
699300 26.8054
700200 22.376
701100 23.4918
702000 14.6992
702900 28.9655
703800 24.5625
704700 18.5044
705600 18.2242
706500 25.4558
707400 22.6904
708300 32.9309
709200 25.4414
710100 26.5911
711000 28.6262
711900 26.3896
712800 28.8929
713700 15.5854
714600 22.8146
715500 25.1809
716400 26.5662
717300 29.9715
718200 13.6791
719100 14.1128
720000 23.9364
720900 19.4561
721800 27.5447
722700 13.3179
723600 22.2746
724500 15.8749
725400 40.0899
726300 27.2187
727200 12.8683
728100 15.5163
729000 31.5472
729900 23.9742
730800 20.977
731700 24.6761
732600 22.4809
733500 35.8388
734400 11.3259
735300 23.4487
736200 17.969
737100 9.07085
738000 22.7831
738900 27.0939
739800 19.8375
740700 25.9496
741600 22.0416
742500 11.3116
743400 33.4565
744300 8.27689
745200 13.4091
746100 21.6042
747000 13.1898
747900 29.0765
748800 4.55229
749700 17.7916
750600 23.6472
751500 29.9797
752400 25.1554
753300 9.59789
754200 29.0089
755100 7.60897
756000 17.0714
756900 23.6924
757800 10.6272
758700 15.2696
759600 22.8007
760500 29.6691
761400 23.9482
762300 10.1217
763200 4.13909
764100 18.6402
765000 22.9892
765900 32.8631
766800 0.315752
767700 24.7726
768600 12.7705
769500 11.4147
770400 8.87737
771300 11.5784
772200 13.5808
773100 17.1607
774000 18.0253
774900 29.5256
775800 7.89188
776700 10.0236
777600 22.9602
778500 2.29214
779400 20.799
780300 19.2206
781200 2.78558
782100 14.271
783000 22.4331
783900 15.1398
784800 27.6076
785700 19.0708
786600 28.3627
787500 7.84705
788400 14.8348
789300 22.6699
790200 12.7989
791100 14.8337
792000 4.2507
792900 17.2159
793800 31.5694
794700 25.9491
795600 24.6407
796500 24.3591
797400 11.6595
798300 34.4921
799200 25.6029
800100 17.0682
801000 23.2434
801900 17.8803
802800 36.5356
803700 6.25534
804600 1.12238
805500 16.479
806400 25.3643
807300 15.3238
808200 19.0605
809100 3.93965
810000 -2.15959
810900 22.6787
811800 6.67781
812700 24.5652
813600 15.0927
814500 6.66509
815400 8.89541
816300 11.1145
817200 23.2015
818100 33.8022
819000 15.1352
819900 6.12918
820800 19.4321
821700 33.424
822600 15.2094
823500 33.7215
824400 7.04325
825300 18.6851
826200 19.9331
827100 26.4489
828000 51.0312
828900 -1.1912
829800 11.6842
830700 7.38483
831600 19.4898
832500 36.3057
833400 0.692436
834300 42.8075
835200 29.9111
836100 20.8596
837000 12.4388
837900 5.38047
838800 2.84815
839700 36.0304
840600 1.26977
841500 43.5844
842400 28.2899
843300 8.17144
844200 29.6209
845100 2.21792
846000 29.9746
846900 -7.63094
847800 -2.61897
848700 1.34697
849600 42.9197
850500 36.7587
851400 12.8726
852300 8.52703
853200 7.39125
854100 17.9452
855000 29.4485
855900 1.12634
856800 24.098
857700 19.2925
858600 7.06977
859500 22.6017
860400 14.4396
861300 12.5771
862200 23.0261
863100 31.3466
864000 15.3967
864900 8.46048
865800 -4.37273
866700 42.9918
867600 54.2328
868500 20.0571
869400 31.7234
870300 33.5029
871200 55.6382
872100 19.1307
873000 43.608
873900 55.7356
874800 27.3517
875700 21.8017
876600 20.6123
877500 24.6617
878400 26.0849
879300 7.93351
880200 27.1674
881100 28.186
882000 37.9737
882900 44.4346
883800 34.9027
884700 15.053
885600 11.7917
886500 62.9866
887400 30.2019
888300 56.2784
889200 59.0898
890100 25.7086
891000 50.7121
891900 47.0081
892800 28.1251
893700 32.1208
894600 64.4431
895500 29.5263
896400 38.513
897300 68.1231
898200 58.7829
899100 83.1925
900000 43.0282
900900 41.1921
901800 77.5638
902700 62.0465
903600 36.3609
904500 72.3066
905400 43.3855
906300 84.8782
907200 88.0512
908100 60.6313
909000 55.4968
909900 65.0066
910800 94.886
911700 69.5749
912600 89.9684
913500 90.7053
914400 54.7687
915300 88.788
916200 92.8345
917100 98.8712
918000 97.2963
918900 88.5476
919800 101.11
920700 83.8249
921600 94.8755
922500 100.524
923400 126.217
924300 142.141
925200 139.57
926100 119.787
927000 123.344
927900 105.504
928800 172.945
929700 135.05
930600 131.346
931500 174.729
932400 169.307
933300 175.202
934200 169.988
935100 125.714
936000 169.436
936900 167.863
937800 187.613
938700 184.08
939600 184.451
940500 196.789
941400 223.218
942300 211.503
943200 237.742
944100 256.473
945000 221.854
945900 247.261
946800 290.224
947700 226.397
948600 298.329
949500 258.389
950400 271.349
951300 307.745
952200 290.19
953100 340.801
954000 334.219
954900 279.035
955800 338.347
956700 370.735
957600 363.474
958500 427.354
959400 391.525
960300 385.576
961200 405.12
962100 422.725
963000 498.05
963900 448.986
964800 426.559
965700 549.256
966600 471.989
967500 516.124
968400 589.714
969300 543.931
970200 526.858
971100 607.618
972000 602.175
972900 600.159
973800 676.65
974700 671.124
975600 699.802
976500 753.539
977400 701.571
978300 774.027
979200 863.924
980100 779.892
981000 795.517
981900 829.744
982800 834.56
983700 862.781
984600 875.289
985500 854.556
986400 984.49
987300 1032.8
988200 1015.32
989100 1112.01
990000 1091.39
990900 1117.94
991800 1219.62
992700 1209.88
993600 1261.03
994500 1287.21
995400 1232.77
996300 1272.25
997200 1460.98
998100 1392.66
999000 1513.16
999900 1555.31
1000800 1540.96
1001700 1642.44
1002600 1600.22
1003500 1688.45
1004400 1753.85
1005300 1751.76
1006200 1817.65
1007100 1892.93
1008000 1838.85
1008900 1988
1009800 2035.97
