Step Temp v_dQ v_dT v_heatCapacity 
    2000   0.92385323            5   -1.0761468   -4.6462064 
    2100   0.92752154          5.5   -1.0724785   -5.1283081 
    2200   0.89985719            6   -1.1001428   -5.4538374 
    2300   0.86688866          6.5   -1.1331113   -5.7364178 
    2400      0.88508            7     -1.11492   -6.2784774 
    2500   0.88198736          7.5   -1.1180126    -6.708332 
    2600   0.85746151            8   -1.1425385   -7.0019523 
    2700     0.882689          8.5    -1.117311   -7.6075506 
    2800   0.77101439            9   -1.2289856   -7.3231126 
    2900   0.81153872          9.5   -1.1884613   -7.9935292 
    3000    0.8083218           10   -1.1916782   -8.3915272 
    3100   0.79217142         10.5   -1.2078286   -8.6932866 
    3200   0.81768373           11   -1.1823163   -9.3037711 
    3300    0.8488618         11.5   -1.1511382   -9.9901124 
    3400   0.81376604           12    -1.186234   -10.116048 
    3500   0.74848825         12.5   -1.2515117   -9.9879206 
    3600   0.82847318           13   -1.1715268    -11.09663 
    3700   0.84382438         13.5   -1.1561756   -11.676427 
    3800   0.80213211           14   -1.1978679   -11.687432 
    3900   0.84014861         14.5   -1.1598514   -12.501602 
    4000   0.82642118           15   -1.1735788   -12.781417 
    4100   0.83368286         15.5   -1.1663171   -13.289696 
    4200   0.85796968           16   -1.1420303   -14.010136 
    4300   0.80622919         16.5   -1.1937708   -13.821749 
    4400   0.87250761           17   -1.1274924   -15.077707 
    4500   0.77802155         17.5   -1.2219785   -14.321038 
    4600   0.77544679           18   -1.2245532   -14.699239 
    4700   0.81617799         18.5    -1.183822   -15.627349 
    4800   0.78947529           19   -1.2105247   -15.695673 
    4900   0.77731259         19.5   -1.2226874   -15.948475 
    5000   0.76454934           20   -1.2354507   -16.188425 
    5100   0.75508746         20.5   -1.2449125    -16.46702 
    5200   0.73503229           21   -1.2649677   -16.601214 
    5300     0.804839         21.5    -1.195161   -17.989208 
    5400   0.83633796           22    -1.163662   -18.905833 
    5500   0.91814024         22.5   -1.0818598    -20.79752 
    5600   0.84211043           23   -1.1578896   -19.863725 
    5700   0.83008686         23.5   -1.1699131   -20.086961 
    5800   0.86160678           24   -1.1383932   -21.082346 
    5900   0.84075004         24.5     -1.15925   -21.134355 
    6000   0.82619039           25   -1.1738096   -21.298173 
    6100   0.81598222         25.5   -1.1840178   -21.536839 
    6200   0.80000035           26   -1.1999996   -21.666673 
    6300   0.81416681         26.5   -1.1858332   -22.347157 
    6400   0.79701848           27   -1.2029815   -22.444235 
    6500   0.81176325         27.5   -1.1882368   -23.143536 
    6600   0.76897171           28   -1.2310283   -22.745212 
    6700   0.75592693         28.5   -1.2440731   -22.908622 
    6800   0.79183284           29   -1.2081672   -24.003301 
    6900   0.78055441         29.5   -1.2194456   -24.191321 
    7000    0.8085878           30   -1.1914122   -25.180202 
    7100    0.8133679         30.5   -1.1866321   -25.702996 
    7200   0.77024418           31   -1.2297558   -25.208256 
    7300   0.75382291         31.5   -1.2461771   -25.277306 
    7400   0.73501856           32   -1.2649814   -25.296814 
    7500   0.77921309         32.5   -1.2207869   -26.622173 
    7600   0.75771948           33   -1.2422805   -26.564049 
    7700   0.76413815         33.5   -1.2358619    -27.10659 
    7800   0.74379882           34   -1.2562012   -27.065728 
    7900   0.77441685         34.5   -1.2255831   -28.149865 
    8000   0.76746238           35   -1.2325376   -28.396699 
    8100   0.77806566         35.5   -1.2219343   -29.052298 
    8200   0.76772354           36   -1.2322765   -29.214224 
    8300   0.78706272         36.5   -1.2129373    -30.09224 
    8400   0.76062201           37    -1.239378   -29.853685 
    8500   0.81182467         37.5   -1.1881753   -31.560999 
    8600   0.76594148           38   -1.2340585   -30.792705 
    8700   0.83850999         38.5     -1.16149   -33.147078 
    8800   0.75320769           39   -1.2467923    -31.28027 
    8900   0.75797237         39.5   -1.2420276   -31.802835 
    9000    0.7904517           40   -1.2095483   -33.070197 
    9100      0.81298         40.5     -1.18702   -34.119054 
    9200   0.75446114           41   -1.2455389    -32.91748 
    9300   0.78909933         41.5   -1.2109007    -34.27201 
    9400    0.7720976           42   -1.2279024   -34.204673 
    9500   0.80098078         42.5   -1.1990192   -35.445637 
    9600   0.74802036           43   -1.2519796   -34.345606 
    9700   0.71799313         43.5   -1.2820069   -33.931176 
    9800    0.7563524           44   -1.2436476   -35.379797 
    9900   0.76887451         44.5   -1.2311255   -36.145787 
   10000   0.76600751           45   -1.2339925   -36.466997 
   10100   0.73005763         45.5   -1.2699424   -35.828398 
   10200   0.70331543           46   -1.2966846   -35.475089 
   10300    0.6866103         46.5   -1.3133897   -35.404572 
   10400   0.69189673           47   -1.3081033   -35.929885 
   10500   0.69422441         47.5   -1.3057756   -36.376848 
   10600   0.70707416           48   -1.2929258   -37.125099 
   10700   0.70087247         48.5   -1.2991275   -37.332748 
   10800   0.71429175           49   -1.2857083    -38.11129 
   10900   0.75697287         49.5   -1.2430271    -39.82214 
   11000   0.72169301           50    -1.278307   -39.114235 
   11100   0.75016731         50.5   -1.2498327   -40.405408 
   11200   0.70575918           51   -1.2942408    -39.40534 
   11300   0.73258738         51.5   -1.2674126   -40.633965 
   11400   0.73843612           52   -1.2615639   -41.218682 
   11500   0.75876083         52.5   -1.2412392   -42.296442 
   11600   0.73406136           53   -1.2659386   -41.866168 
   11700   0.71732652         53.5   -1.2826735   -41.709758 
   11800   0.74544918           54   -1.2545508   -43.043294 
   11900     0.717954         54.5    -1.282046   -42.510175 
   12000   0.72609866           55   -1.2739013   -43.174458 
