Step Temp v_dQ v_dT v_heatCapacity 
   11079    96.529224            2   -3.4707761  -0.57623999 
   11100    96.108243        2.042   -3.8917568  -0.52469876 
   11200    93.775129        2.242   -6.2248708  -0.36016812 
   11300    96.590266        2.442   -3.4097339  -0.71618493 
   11400    97.956725        2.642   -2.0432752   -1.2930221 
   11500    96.774879        2.842   -3.2251208   -0.8812073 
   11600    95.680028        3.042   -4.3199715  -0.70417131 
   11700    96.220672        3.242   -3.7793277  -0.85782453 
   11800    96.745586        3.442   -3.2544137   -1.0576406 
   11900    96.648929        3.642   -3.3510708   -1.0868168 
   12000    97.406419        3.842   -2.5935805   -1.4813498 
   12100    99.610324        4.042  -0.38967633   -10.372711 
   12200    97.212928        4.242   -2.7870717   -1.5220276 
   12300    97.890574        4.442    -2.109426   -2.1057861 
   12400    101.60176        4.642    1.6017603    2.8980616 
   12500    99.524178        4.842  -0.47582208   -10.176072 
   12600    98.605564        5.042   -1.3944357   -3.6157996 
   12700    97.955323        5.242   -2.0446773   -2.5637298 
   12800    99.659473        5.442  -0.34052729   -15.981098 
   12900    98.398742        5.642   -1.6012583    -3.523479 
   13000    98.129005        5.842    -1.870995   -3.1224028 
   13100     100.2545        6.042   0.25449848     23.74081 
   13200    98.079096        6.242   -1.9209039   -3.2495118 
   13300    97.301862        6.442   -2.6981381   -2.3875724 
   13400    99.888484        6.642   -0.1115161   -59.560908 
   13500     99.35042        6.842  -0.64958015   -10.532957 
   13600    95.372878        7.042   -4.6271223   -1.5218962 
   13700    100.29091        7.242   0.29091098    24.894213 
   13800    98.716963        7.442   -1.2830366   -5.8003023 
   13900    97.087822        7.642   -2.9121783   -2.6241526 
   14000    100.76751        7.842   0.76750892    10.217471 
   14100    99.838942        8.042  -0.16105779   -49.932388 
   14200    99.885497        8.242  -0.11450348   -71.980344 
   14300     97.02671        8.442   -2.9732901   -2.8392789 
   14400    97.770341        8.642   -2.2296593   -3.8759285 
   14500    97.994006        8.842   -2.0059944    -4.407789 
   14600    96.375595        9.042   -3.6244054    -2.494754 
   14700    97.893661        9.242   -2.1063394    -4.387707 
   14800    99.760235        9.442  -0.23976521   -39.380191 
   14900    100.14331        9.642   0.14330573    67.282724 
   15000    99.287126        9.842  -0.71287396   -13.806087 
   15100    97.386056       10.042   -2.6139436   -3.8417049 
   15200    99.490242       10.242  -0.50975762   -20.091902 
   15300    99.110197       10.442    -0.889803   -11.735182 
   15400    97.761565       10.642   -2.2384346   -4.7542152 
   15500    95.843692       10.842   -4.1563075   -2.6085654 
   15600    97.436043       11.042   -2.5639571   -4.3066242 
   15700    102.86047       11.242    2.8604678    3.9301264 
   15800    99.665584       11.442  -0.33441551    -34.21492 
   15900    101.21508       11.642    1.2150756    9.5812966 
   16000    101.77757       11.842    1.7775665    6.6619166 
   16100    99.439138       12.042  -0.56086157   -21.470539 
   16200    103.71136       12.242    3.7113648    3.2985171 
   16300    98.630475       12.442   -1.3695247   -9.0849037 
   16400    98.785239       12.642   -1.2147609   -10.406986 
   16500    102.23059       12.842    2.2305917    5.7572169 
   16600    100.53067       13.042   0.53066738      24.5766 
   16700    99.328228       13.242  -0.67177215   -19.712041 
   16800    101.48413       13.442    1.4841327    9.0571413 
   16900    97.217694       13.642    -2.782306   -4.9031272 
   17000    98.250461       13.842    -1.749539   -7.9117984 
   17100     97.38814       14.042     -2.61186   -5.3762452 
   17200    97.275848       14.242   -2.7241521   -5.2280488 
   17300    96.906971       14.442   -3.0930287   -4.6692098 
   17400    101.22797       14.642    1.2279654    11.923788 
   17500    102.39781       14.842    2.3978107     6.189813 
   17600     100.9861       15.042   0.98610432    15.253964 
   17700    100.66786       15.242   0.66785687    22.822255 
   17800    98.114092       15.442    -1.885908   -8.1880983 
   17900    100.63921       15.642   0.63921087    24.470798 
   18000    99.764956       15.842  -0.23504404   -67.400136 
   18100    103.55003       16.042    3.5500282    4.5188373 
   18200    98.720404       16.242   -1.2795963   -12.693066 
   18300    98.758205       16.442   -1.2417954   -13.240507 
   18400    97.105843       16.642   -2.8941574   -5.7502056 
   18500    101.83713       16.842    1.8371326    9.1675473 
   18600    97.543904       17.042   -2.4560962   -6.9386532 
   18700    99.058477       17.242  -0.94152332   -18.312876 
   18800    102.75417       17.442     2.754172    6.3329378 
   18900    98.017388       17.642   -1.9826115   -8.8983645 
   19000    97.891565       17.842   -2.1084349   -8.4622009 
   19100    100.81035       18.042   0.81034794     22.26451 
   19200    99.378524       18.242  -0.62147564   -29.352719 
   19300    98.997064       18.442   -1.0029355   -18.388022 
   19400    100.80972       18.642    0.8097238    23.022665 
   19500      97.3494       18.842   -2.6506002   -7.1085786 
   19600    96.697355       19.042   -3.3026451   -5.7656816 
   19700     97.98287       19.242   -2.0171298    -9.539297 
   19800    97.862414       19.442   -2.1375858   -9.0953075 
   19900    97.974121       19.642   -2.0258789   -9.6955452 
   20000    99.302396       19.842  -0.69760382   -28.443078 
   20100    102.53933       20.042     2.539332    7.8926269 
   20200    100.82936       20.242   0.82935682    24.406865 
   20300    100.00242       20.442 0.0024227795    8437.4167 
   20400    101.47491       20.642    1.4749123    13.995408 
   20500    101.38515       20.842    1.3851477    15.046771 
   20600    103.85671       21.042    3.8567135    5.4559406 
   20700     103.1817       21.242    3.1816965    6.6763124 
   20800    98.659798       21.442   -1.3402016   -15.999086 
   20900    99.856057       21.642  -0.14394326   -150.35091 
   21000    97.869911       21.842   -2.1300894    -10.25403 
   21100    103.77923       22.042    3.7792325    5.8324011 
   21200    96.679599       22.242   -3.3204008    -6.698589 
   21300    101.95211       22.442    1.9521138    11.496256 
   21400    101.56823       22.642    1.5682263    14.437967 
   21500    101.64985       22.842    1.6498521    13.844877 
   21600     102.7973       23.042    2.7972962    8.2372401 
   21700    101.45368       23.242    1.4536803    15.988384 
   21800    100.71263       23.442    0.7126279    32.895148 
   21900    101.40673       23.642    1.4067259    16.806401 
   22000     102.4178       23.842    2.4177968    9.8610439 
   22100    101.23217       24.042    1.2321733    19.511865 
   22200    102.42174       24.242    2.4217445    10.010139 
   22300    102.61832       24.442    2.6183156    9.3350092 
   22400    102.66003       24.642    2.6600269    9.2638162 
   22500    99.111338       24.842  -0.88866249    -27.95437 
   22600    100.24614       25.042   0.24614156     101.7382 
   22700    103.06714       25.242    3.0671365    8.2298262 
   22800    98.270852       25.442   -1.7291481   -14.713604 
   22900    99.319284       25.642  -0.68071645   -37.669135 
   23000    103.41152       25.842    3.4115203    7.5749219 
   23100    100.19317       26.042   0.19317339    134.81153 
   23200    101.96917       26.242    1.9691731    13.326406 
   23300    103.09504       26.442    3.0950363    8.5433569 
   23400    103.14444       26.642    3.1444447    8.4727201 
   23500    104.02743       26.842    4.0274309    6.6647947 
   23600    102.90974       27.042    2.9097361    9.2936264 
   23700    103.20133       27.242    3.2013325    8.5095817 
   23800    102.09176       27.442    2.0917588    13.119103 
   23900    103.83365       27.642     3.833645    7.2103703 
   24000    105.39302       27.842    5.3930245    5.1625948 
   24100     103.1307       28.042    3.1307027    8.9570945 
   24200    102.63156       28.242    2.6315612    10.732033 
   24300    103.14467       28.442    3.1446748    9.0444963 
   24400    104.11352       28.642    4.1135152    6.9629013 
   24500    100.47482       28.842   0.47481506    60.743651 
   24600    101.65435       29.042    1.6543535    17.554893 
   24700    101.56332       29.242    1.5633203     18.70506 
   24800    101.71572       29.442    1.7157154    17.160188 
   24900     103.8423       29.642    3.8423023    7.7146454 
   25000    104.30565       29.842    4.3056497    6.9308936 
   25100    107.73034       30.042    7.7303351    3.8862481 
   25200    102.77551       30.242    2.7755114     10.89601 
   25300    102.55531       30.442    2.5553054    11.913253 
   25400    103.33923       30.642     3.339228    9.1763724 
   25500    98.157943       30.842   -1.8420568   -16.743241 
   25600    98.844201       31.042   -1.1557987   -26.857619 
   25700    100.07267       31.242  0.072667022    429.93368 
   25800    101.25167       31.442    1.2516736    25.119966 
   25900    101.69089       31.642    1.6908872    18.713253 
   26000     102.4265       31.842    2.4265012    13.122598 
   26100    105.82765       32.042    5.8276484    5.4982727 
   26200    103.25415       32.242    3.2541497    9.9079646 
   26300    102.20161       32.442    2.2016109    14.735574 
   26400    104.33457       32.642    4.3345703    7.5306197 
   26500    101.28984       32.842    1.2898366     25.46214 
   26600    105.36356       33.042    5.3635557    6.1604655 
   26700    104.28716       33.242    4.2871609    7.7538495 
   26800    102.65554       33.442    2.6555376    12.593307 
   26900     102.1964       33.642    2.1963968    15.316904 
   27000    98.753296       33.842   -1.2467041   -27.145173 
   27100    103.33856       34.042    3.3385578    10.196619 
   27200    107.26657       34.242    7.2665735    4.7122622 
   27300    105.35241       34.442    5.3524133    6.4348543 
   27400    102.63843       34.642    2.6384268    13.129794 
   27500    104.41876       34.842    4.4187622    7.8850136 
   27600    106.85833       35.042    6.8583313    5.1094061 
   27700    102.31646       35.242    2.3164587     15.21374 
   27800    105.28392       35.442    5.2839229    6.7075165 
   27900    103.21568       35.642    3.2156818    11.083808 
   28000    107.11016       35.842    7.1101554    5.0409587 
   28100    101.70169       36.042    1.7016885    21.180139 
   28200    104.40344       36.242    4.4034409    8.2303819 
   28300    106.38513       36.442    6.3851328    5.7073206 
   28400    104.84347       36.642    4.8434723    7.5652338 
   28500    107.51941       36.842    7.5194087    4.8995874 
   28600    102.90948       37.042     2.909482    12.731476 
   28700    105.95327       37.242    5.9532692    6.2557225 
   28800    99.490024       37.442  -0.50997638   -73.419086 
   28900    100.59738       37.642   0.59738114    63.011698 
   29000     106.0819       37.842    6.0818982    6.2220706 
   29100     101.5233       38.042    1.5232952    24.973492 
   29200    100.97403       38.242   0.97403483     39.26143 
   29300    102.10084       38.442    2.1008381    18.298412 
   29400    106.79907       38.642    6.7990686    5.6834255 
   29500    105.31303       38.842    5.3130271    7.3107099 
   29600    106.19212       39.042    6.1921158    6.3051147 
   29700    105.57291       39.242    5.5729091    7.0415646 
   29800    105.62137       39.442    5.6213714    7.0164373 
   29900    103.63821       39.642    3.6382104    10.896016 
   30000    101.23333       39.842    1.2333347    32.304288 
   30100    101.54246       40.042    1.5424621    25.959795 
   30200    104.01023       40.242    4.0102279    10.034841 
   30300    103.89756       40.442    3.8975642    10.376224 
   30400    101.11342       40.642    1.1134191    36.501978 
   30500    103.58047       40.842    3.5804723    11.406875 
   30600    102.46899       41.042     2.468992    16.622978 
   30700    102.66244       41.242    2.6624424    15.490288 
   30800    101.15171       41.442    1.1517137    35.982902 
   30900     104.5412       41.642    4.5412045    9.1698139 
   31000    105.18836       41.842    5.1883589    8.0645925 
   31100    106.63841       42.042    6.6384079     6.333145 
   31200    102.44023       42.242    2.4402273    17.310683 
   31300    105.97738       42.442    5.9773772    7.1004386 
   31400    104.58076       42.642    4.5807561    9.3089436 
   31500    98.297404       42.842   -1.7025961   -25.162749 
   31600    103.54975       43.042    3.5497467    12.125372 
   31700    104.21783       43.242    4.2178274    10.252198 
   31800    104.54365       43.442    4.5436474    9.5610412 
   31900    103.95339       43.642     3.953387    11.039142 
   32000     104.1996       43.842    4.1996003    10.439565 
   32100     104.5997       44.042    4.5996952    9.5749823 
   32200    106.59379       44.242    6.5937859    6.7096507 
   32300    109.23022       44.442    9.2302167    4.8148382 
   32400     106.7777       44.642    6.7776996    6.5866005 
   32500    106.87234       44.842    6.8723425    6.5249949 
   32600    104.87696       45.042    4.8769563    9.2356785 
   32700    103.87105       45.242    3.8710488    11.687272 
   32800    111.66033       45.442    11.660332    3.8971445 
   32900    102.77196       45.642    2.7719581    16.465617 
   33000    105.55382       45.842     5.553816    8.2541445 
   33100    101.83442       46.042    1.8344227    25.098905 
   33200    105.70672       46.242    5.7067228    8.1030744 
   33300    105.48603       46.442    5.4860275    8.4655062 
   33400    102.61883       46.642    2.6188302    17.810242 
   33500    109.01182       46.842     9.011817    5.1978419 
   33600    105.84762       47.042    5.8476232     8.044636 
   33700    108.57644       47.242    8.5764448     5.508343 
   33800    104.90867       47.442    4.9086701    9.6649395 
   33900    106.10068       47.642    6.1006835    7.8092889 
   34000    106.87958       47.842    6.8795792    6.9542045 
   34100    103.21815       48.042    3.2181466    14.928468 
   34200    104.97415       48.242    4.9741545    9.6985326 
   34300    106.13494       48.442    6.1349411    7.8960823 
   34400    104.00881       48.642    4.0088103    12.133774 
   34500    106.26815       48.842    6.2681524    7.7920888 
   34600    100.57335       49.042   0.57335115    85.535714 
   34700    105.47645       49.242    5.4764523    8.9915876 
   34800    109.98771       49.442    9.9877118     4.950283 
   34900    105.31125       49.642    5.3112535    9.3465695 
   35000    105.13856       49.842    5.1385572    9.6996098 
   35100    107.17999       50.042    7.1799931    6.9696446 
   35200    102.20485       50.242    2.2048454    22.787085 
   35300    105.24312       50.442    5.2431207    9.6206063 
   35400    105.31546       50.642    5.3154577    9.5273076 
   35500    102.71812       50.842    2.7181202    18.704839 
   35600    107.70745       51.042    7.7074471    6.6224263 
   35700    105.29944       51.242    5.2994428    9.6693185 
   35800    110.40401       51.442    10.404006    4.9444418 
   35900    105.87326       51.642    5.8732579    8.7927349 
   36000     106.9107       51.842    6.9106959    7.5017047 
   36100     103.5383       52.042    3.5382963    14.708208 
   36200    104.78972       52.242    4.7897174    10.907115 
   36300    104.70644       52.442    4.7064378     11.14261 
   36400    103.66553       52.642     3.665534    14.361345 
   36500    105.47838       52.842    5.4783781    9.6455555 
   36600    102.21709       53.042    2.2170921    23.924131 
   36700    104.46982       53.242    4.4698224    11.911435 
   36800    106.74177       53.442    6.7417749    7.9269926 
   36900    106.97355       53.642    6.9735535    7.6922046 
   37000    104.38086       53.842    4.3808606    12.290279 
   37100    106.18587       54.042    6.1858655    8.7363684 
   37200     110.1652       54.242    10.165203    5.3360471 
   37300    107.58578       54.442    7.5857754    7.1768537 
   37400     101.9227       54.642    1.9227001    28.419409 
   37500    105.88037       54.842     5.880375     9.326276 
   37600       104.12       55.042    4.1200012    13.359705 
   37700    107.78366       55.242    7.7836594    7.0971759 
   37800    106.18997       55.442    6.1899747     8.956741 
   37900    106.95962       55.642    6.9596235    7.9949727 
   38000    103.97203       55.842    3.9720275    14.058815 
   38100    104.94178       56.042    4.9417765    11.340456 
   38200     102.9471       56.242    2.9471021    19.083831 
   38300    104.70086       56.442    4.7008641    12.006729 
   38400    109.05112       56.642    9.0511187    6.2580109 
   38500    104.62515       56.842     4.625148    12.289769 
   38600    105.66074       57.042    5.6607392    10.076776 
   38700    104.90569       57.242    4.9056874    11.668497 
   38800    106.52671       57.442    6.5267074    8.8010687 
   38900    107.80798       57.642    7.8079766    7.3824504 
   39000    106.37554       57.842    6.3755404    9.0724858 
   39100    106.43839       58.042    6.4383905     9.014986 
   39200    104.78688       58.242     4.786875    12.167019 
   39300    108.94632       58.442    8.9463243    6.5325153 
   39400    108.72254       58.642    8.7225411    6.7230408 
   39500    107.14093       58.842    7.1409257    8.2401081 
   39600    107.68625       59.042      7.68625    7.6815092 
   39700    111.13774       59.242    11.137739    5.3190327 
   39800    104.27939       59.442    4.2793852    13.890313 
   39900    110.19078       59.642    10.190775    5.8525479 
   40000    106.39991       59.842    6.3999085    9.3504462 
   40100    106.88419       60.042    6.8841923    8.7217203 
   40200    108.33068       60.242    8.3306834    7.2313395 
   40300    109.22561       60.442    9.2256053    6.5515485 
   40400    107.36312       60.642    7.3631172    8.2359141 
   40500    108.04484       60.842    8.0448428    7.5628576 
   40600    107.87277       61.042    7.8727746    7.7535562 
   40700     105.3875       61.242    5.3875019    11.367421 
   40800    106.24753       61.442    6.2475305    9.8346059 
   40900    105.14916       61.642    5.1491571     11.97128 
   41000    106.34896       61.842    6.3489597    9.7404934 
   41100    110.55857       62.042    10.558569    5.8759857 
   41200    106.38787       62.242    6.3878665    9.7437853 
   41300    112.01199       62.442    12.011991    5.1983055 
   41400    107.39512       62.642     7.395124    8.4707167 
   41500     109.0053       62.842    9.0052963    6.9783379 
   41600    108.03108       63.042    8.0310839    7.8497499 
   41700    111.79985       63.242    11.799846    5.3595616 
   41800    108.79025       63.442    8.7902463    7.2173177 
   41900    106.62496       63.642    6.6249598    9.6063979 
   42000    110.69056       63.842    10.690561    5.9718103 
   42100    110.37276       64.042    10.372756    6.1740581 
   42200    109.80635       64.242    9.8063475     6.551063 
   42300    111.66521       64.442    11.665206    5.5242915 
   42400    111.64354       64.642     11.64354    5.5517482 
   42500    111.21601       64.842     11.21601    5.7812003 
   42600    109.71555       65.042    9.7155494    6.6946291 
   42700    108.77534       65.242    8.7753359    7.4347012 
   42800    113.11256       65.442    13.112563    4.9907865 
   42900    110.51317       65.642    10.513173    6.2437858 
   43000    110.56091       65.842    10.560914     6.234498 
   43100    109.53474       66.042    9.5347421     6.926459 
   43200     111.8402       66.242      11.8402    5.5946689 
   43300    110.08875       66.442    10.088753    6.5857493 
   43400    108.50912       66.642     8.509119    7.8318331 
   43500    106.49945       66.842    6.4994503    10.284254 
   43600     111.1676       67.042    11.167598    6.0032606 
   43700    106.97799       67.242    6.9779876    9.6363026 
   43800    117.24861       67.442    17.248609    3.9099964 
   43900    109.66295       67.642    9.6629487    7.0001406 
   44000    114.06291       67.842    14.062908    4.8241801 
   44100     115.8607       68.042    15.860701    4.2899744 
   44200    110.94198       68.242     10.94198    6.2367138 
   44300    109.37452       68.442     9.374518    7.3008554 
   44400    115.27554       68.642    15.275535    4.4935905 
   44500    110.95599       68.842    10.955991    6.2835028 
   44600    118.19374       69.042    18.193742    3.7948214 
   44700    115.09337       69.242     15.09337    4.5875772 
   44800     113.3581       69.442      13.3581    5.1984938 
   44900     117.4326       69.642    17.432598    3.9949296 
   45000    115.24113       69.842    15.241132     4.582468 
   45100    116.54028       70.042    16.540283    4.2346312 
   45200    112.98201       70.242    12.982014    5.4107165 
   45300    114.22554       70.442    14.225541    4.9517975 
   45400    116.93073       70.642     16.93073    4.1724132 
   45500    118.12445       70.842    18.124454     3.908642 
   45600    119.55577       71.042    19.555767    3.6327903 
   45700    116.74883       71.242    16.748833      4.25355 
   45800    116.46871       71.442    16.468708    4.3380453 
   45900    114.12364       71.642    14.123641     5.072488 
   46000    114.98715       71.842     14.98715    4.7935733 
   46100    115.43504       72.042    15.435043    4.6674312 
   46200    117.67135       72.242    17.671352    4.0880856 
   46300    118.20024       72.442    18.200245    3.9802761 
   46400    115.18975       72.642    15.189751    4.7823035 
   46500    114.95659       72.842    14.956585    4.8702293 
   46600     114.4654       73.042    14.465396    5.0494295 
   46700    114.91072       73.242    14.910717    4.9120375 
   46800    117.50993       73.442    17.509929    4.1943061 
   46900    117.52352       73.642    17.523519    4.2024664 
   47000     117.0018       73.842    17.001804    4.3431861 
   47100    118.63298       74.042    18.632978    3.9737073 
   47200    116.84914       74.242     16.84914    4.4062782 
   47300    113.92134       74.442     13.92134      5.34733 
   47400    116.42152       74.642    16.421516    4.5453782 
   47500    117.70759       74.842    17.707589    4.2265493 
   47600    115.09022       75.042    15.090224    4.9728884 
   47700    118.21371       75.242    18.213713    4.1310632 
   47800    116.63067       75.442    16.630671    4.5363172 
   47900    121.41703       75.642    21.417029    3.5318624 
   48000    117.74224       75.842    17.742243    4.2746567 
   48100    118.00815       76.042    18.008147    4.2226443 
   48200    116.44207       76.242    16.442066    4.6370087 
   48300     117.0856       76.442    17.085596     4.474061 
   48400    119.98291       76.642    19.982909    3.8353775 
   48500    114.17652       76.842    14.176523    5.4203702 
   48600    119.69155       77.042    19.691553    3.9124391 
   48700    117.80047       77.242    17.800467    4.3393244 
   48800    121.82411       77.442     21.82411    3.5484608 
   48900    120.17734       77.642     20.17734      3.84798 
   49000    119.87419       77.842    19.874193    3.9167376 
   49100     116.9117       78.042    16.911701    4.6146748 
   49200    116.42901       78.242    16.429006    4.7624305 
   49300    116.73528       78.442    16.735282    4.6872231 
   49400    117.23737       78.642    17.237372    4.5622964 
   49500     117.7183       78.842    17.718298    4.4497503 
   49600    121.50211       79.042    21.502111    3.6760111 
   49700    118.76808       79.242    18.768085    4.2221676 
   49800    120.02383       79.442    20.023828    3.9673733 
   49900    121.17415       79.642    21.174154    3.7612837 
   50000    119.52966       79.842    19.529657    4.0882439 
   50100    121.22741       80.042    21.227408    3.7706911 
   50200    112.49433       80.242    12.494334    6.4222709 
   50300    120.53024       80.442    20.530238    3.9182206 
   50400    117.36647       80.642    17.366472    4.6435454 
   50500    116.59722       80.842    16.597217    4.8708166 
   50600    121.40731       81.042    21.407313    3.7857157 
   50700    116.80633       81.242    16.806334    4.8340108 
   50800     119.6079       81.442    19.607897    4.1535305 
   50900    116.14748       81.642     16.14748    5.0560212 
   51000    124.31732       81.842    24.317316    3.3655853 
   51079    120.14179           82    20.141792    4.0711372 
